R2 = 0.553890 and p-value=0.000000
slope=7.059528  intercept=811.226674
