Time=27.250000
Time=27.110000
Time=26.120000
